306
434
315
431
323
427
335
419
342
413
352
405
358
398
367
389
373
382
376
373
379
363
380
355
380
345
380
332
380
315
383
305
386
296
390
289
396
281
401
270
405
257
408
246
409
227
403
208
392
192
387
182
379
172
374
160
364
152
346
143
330
137
315
137
300
128
279
125
270
127
256
132
241
140
221
150
216
155
206
166
200
175
194
181
188
188
184
194
180
202
179
211
180
214
180
222
180
231
179
238
179
246
180
257
183
266
186
277
189
286
189
294
190
298
192
300
192
302
196
307
196
307
198
317
199
323
199
334
201
343
204
351
207
366
210
378
212
385
215
391
221
398
226
402
238
413
245
420
255
426
264
432
272
435
282
435
288
433
290
435
295
436
304
436
306
435
