201
319
200
297
200
277
200
257
202
243
203
233
205
221
211
216
221
211
228
207
238
201
246
197
251
195
257
192
264
191
270
191
276
189
280
189
283
189
290
192
296
192
297
195
303
197
305
200
309
203
313
209
316
214
321
216
325
221
333
224
339
227
344
230
350
234
356
235
362
236
367
236
369
238
369
242
371
246
371
249
374
254
374
255
377
260
376
263
376
269
376
272
377
276
377
281
379
288
380
294
380
299
380
302
382
303
384
296
389
289
396
277
400
265
404
253
407
242
409
226
403
213
394
194
385
180
377
173
373
156
364
149
346
141
332
134
318
132
299
127
285
125
275
125
267
129
255
137
242
141
238
144
227
150
208
166
200
179
187
188
181
200
183
219
180
236
178
243
181
258
185
273
189
287
191
296
193
298
196
305
200
318
